Pushes

   | 1 | 2 | 3 | 4 | 5 
-----------------------
 1 | 3 | 1 | 3 | 4 | 3 
-----------------------
 2 | 8 | 3 | 2 | 2 | 5 
-----------------------
 3 | 6 | 2 | 5 |10 | 5 
-----------------------
 4 | 9 |11 | 8 | 8 | 3 
-----------------------
 5 | 3 |10*| 5 |12 |11 
-----------------------
 6 |10 |12 |11 |11 |14 
-----------------------
 7 | 5 |10 |10 |14 | 9 
-----------------------
 8 |13 |15 |11 |30 |15 
-----------------------
 9 |14 |20 |10*|11 |15 
-----------------------
10 | 7*|16 |14 |11 |16 


* = alternate solution
